[config]
grid_x_size = 35
grid_y_size = 47
existing_lines = [
    [[8, 16], [10, 14], [12, 14], [13, 14], [15, 14], [17, 14], [18, 14], [19, 14], [21, 17], [21, 19], [21, 21], [23, 25], [23, 27], [24, 28], [26, 28], [27, 29], [28, 30], [30, 31], [31, 33], [30, 35]],
    [[8, 16], [10, 14], [12, 14], [13, 14], [15, 14], [17, 14], [18, 14], [19, 14], [21, 17], [21, 19], [21, 21], [23, 25], [21, 26], [19, 25], [18, 24], [16, 24], [15, 23], [14, 23], [12, 23]],
    [[7, 27], [10, 25], [12, 23], [14, 22], [16, 22], [18, 22], [21, 22], [21, 19]],
    [[12, 23], [14, 23], [15, 23], [16, 24], [18, 24], [19, 25], [21, 26], [23, 27], [24, 29], [23, 30], [23, 32], [24, 33], [26, 34], [27, 34]],
    [[12, 23], [14, 23], [15, 23], [16, 24], [18, 24], [19, 25], [21, 26], [23, 27], [24, 28], [26, 28], [27, 29], [28, 30], [30, 31], [31, 33], [30, 35]]]
existing_lines_full = [
    [[8, 16], [9, 15], [10, 14], [10, 14], [11, 14], [12, 14], [12, 14], [13, 14], [14, 14], [15, 14], [15, 14], [16, 14], [17, 14], [17, 14], [18, 14], [19, 14], [20, 15], [20, 16], [21, 17], [21, 17], [21, 18], [21, 19], [21, 19], [21, 20], [21, 21], [21, 21], [22, 22], [22, 23], [22, 24], [23, 25], [23, 25], [23, 26], [23, 27], [23, 27], [24, 28], [25, 28], [26, 28], [26, 28], [27, 29], [28, 30], [29, 30], [30, 31], [30, 31], [30, 32], [31, 33], [31, 33], [30, 34], [30, 35]],
    [[8, 16], [9, 15], [10, 14], [10, 14], [11, 14], [12, 14], [12, 14], [13, 14], [14, 14], [15, 14], [15, 14], [16, 14], [17, 14], [17, 14], [18, 14], [19, 14], [20, 15], [20, 16], [21, 17], [21, 17], [21, 18], [21, 19], [21, 19], [21, 20], [21, 21], [21, 21], [22, 22], [22, 23], [22, 24], [23, 25], [23, 25], [22, 25], [21, 26], [21, 26], [20, 25], [19, 25], [19, 25], [18, 24], [17, 24], [16, 24], [16, 24], [15, 23], [14, 23], [13, 23], [12, 23]],
    [[7, 27], [8, 26], [9, 26], [8, 26], [10, 25], [10, 25], [11, 24], [12, 23], [12, 23], [13, 22], [14, 22], [14, 22], [15, 22], [16, 22], [16, 22], [17, 22], [18, 22], [18, 22], [19, 22], [20, 22], [19, 22], [21, 22], [21, 22], [21, 20], [21, 21], [21, 19]],
    [[12, 23], [13, 23], [14, 23], [14, 23], [15, 23], [16, 24], [17, 24], [18, 24], [18, 24], [19, 25], [20, 25], [21, 26], [21, 26], [22, 26], [23, 27], [23, 27], [23, 28], [24, 29], [24, 29], [23, 30], [23, 31], [23, 32], [23, 32], [24, 33], [25, 33], [26, 34], [26, 34]],
    [[12, 23], [13, 23], [14, 23], [14, 23], [15, 23], [16, 24], [17, 24], [18, 24], [18, 24], [19, 25], [20, 25], [21, 26], [21, 26], [22, 26], [23, 27], [23, 27], [24, 28], [25, 28], [26, 28], [26, 28], [27, 29], [28, 30], [29, 30], [30, 31], [30, 31], [30, 32], [31, 33], [31, 33], [30, 34], [30, 35]]]
excluded_od_segments = []