0,18,3.0
1,17,3.0
1,18,3.0
1,19,3.0
1,20,3.0
1,34,10.0
2,17,3.0
2,18,3.0
2,19,3.0
2,20,3.0
2,21,3.0
2,22,3.0
2,23,5.0
2,24,5.0
2,30,10.0
2,31,10.0
2,32,10.0
2,33,10.0
2,34,10.0
2,35,10.0
2,36,10.0
2,37,10.0
2,38,10.0
3,17,3.0
3,18,3.0
3,19,3.0
3,20,3.0
3,21,3.0
3,22,3.0
3,23,5.0
3,24,5.0
3,25,5.0
3,29,10.0
3,30,10.0
3,31,10.0
3,32,10.0
3,33,10.0
3,34,10.0
3,35,10.0
3,36,10.0
3,37,10.0
3,38,10.0
3,39,10.0
3,40,10.0
3,41,10.0
3,42,10.0
4,17,3.0
4,18,3.0
4,19,3.0
4,20,3.0
4,21,3.0
4,22,3.0
4,23,5.0
4,24,5.0
4,25,5.0
4,26,3.0
4,27,3.0
4,28,10.0
4,29,10.0
4,30,10.0
4,31,10.0
4,32,10.0
4,33,10.0
4,34,10.0
4,35,10.0
4,36,10.0
4,37,10.0
4,38,10.0
4,39,10.0
4,40,10.0
4,41,10.0
4,42,10.0
4,43,10.0
4,44,10.0
4,45,10.0
4,46,10.0
5,18,4.0
5,19,4.0
5,20,3.0
5,21,3.0
5,22,3.0
5,23,4.0
5,24,5.0
5,25,4.0
5,26,3.0
5,27,6.0
5,28,8.0
5,29,10.0
5,30,10.0
5,31,10.0
5,32,10.0
5,33,10.0
5,34,10.0
5,35,10.0
5,36,10.0
5,37,10.0
5,38,10.0
5,39,10.0
5,40,10.0
5,41,10.0
5,42,10.0
5,43,10.0
5,44,10.0
6,19,4.0
6,20,4.0
6,21,4.0
6,22,3.0
6,23,3.0
6,24,3.0
6,25,3.0
6,26,5.0
6,27,7.0
6,28,5.0
6,29,4.0
6,30,8.0
6,31,10.0
6,32,10.0
6,33,10.0
6,34,10.0
6,35,10.0
6,36,10.0
6,37,10.0
6,38,10.0
6,39,10.0
6,40,10.0
6,41,10.0
6,42,10.0
6,43,10.0
7,20,4.0
7,21,4.0
7,22,3.0
7,23,3.0
7,24,3.0
7,25,5.0
7,26,7.0
7,27,6.0
7,28,2.0
7,29,2.0
7,30,3.0
7,31,8.0
7,32,10.0
7,33,10.0
7,34,10.0
7,35,10.0
7,36,10.0
7,37,10.0
7,38,10.0
7,39,10.0
7,40,10.0
7,41,10.0
7,42,10.0
8,15,8.0
8,16,8.0
8,17,7.0
8,18,5.0
8,19,8.0
8,20,8.0
8,21,8.0
8,22,4.0
8,23,4.0
8,24,3.0
8,25,2.0
8,26,6.0
8,27,3.0
8,28,2.0
8,29,3.0
8,30,3.0
8,31,3.0
8,32,10.0
8,33,10.0
8,34,10.0
8,35,10.0
8,36,10.0
8,37,10.0
8,38,10.0
8,39,10.0
8,40,10.0
8,41,10.0
9,15,8.0
9,16,8.0
9,17,7.0
9,18,5.0
9,19,7.0
9,20,8.0
9,21,8.0
9,22,7.0
9,23,4.0
9,24,3.0
9,25,2.0
9,26,4.0
9,27,4.0
9,28,6.0
9,29,3.0
9,30,3.0
9,31,3.0
9,32,5.0
9,33,10.0
9,34,10.0
9,35,10.0
9,36,10.0
9,37,10.0
9,38,10.0
9,39,10.0
9,40,10.0
10,15,8.0
10,16,8.0
10,17,8.0
10,18,6.0
10,19,5.0
10,20,5.0
10,21,7.0
10,22,8.0
10,23,4.0
10,24,2.0
10,25,3.0
10,26,3.0
10,27,3.0
10,28,7.0
10,29,7.0
10,30,4.0
10,31,3.0
10,32,6.0
10,33,10.0
10,34,10.0
10,35,10.0
10,36,10.0
10,37,10.0
10,38,10.0
10,39,10.0
10,40,10.0
11,4,4.0
11,5,4.0
11,6,4.0
11,7,4.0
11,8,4.0
11,9,2.0
11,10,2.0
11,11,2.0
11,12,2.0
11,13,2.0
11,14,2.0
11,15,4.0
11,16,4.0
11,17,4.0
11,18,7.0
11,19,5.0
11,20,5.0
11,21,8.0
11,22,8.0
11,23,4.0
11,24,3.0
11,25,3.0
11,26,1.0
11,27,2.0
11,28,2.0
11,29,2.0
11,30,4.0
11,31,8.0
11,32,10.0
11,33,10.0
11,34,10.0
11,35,10.0
11,36,10.0
11,37,10.0
11,38,10.0
11,39,10.0
11,40,10.0
12,3,8.0
12,4,7.0
12,5,4.0
12,6,4.0
12,7,4.0
12,8,4.0
12,9,2.0
12,10,2.0
12,11,2.0
12,12,2.0
12,13,2.0
12,14,2.0
12,15,4.0
12,16,4.0
12,17,4.0
12,18,6.0
12,19,5.0
12,20,6.0
12,21,10.0
12,22,8.0
12,23,7.0
12,24,7.0
12,25,6.0
12,26,7.0
12,27,8.0
12,28,8.0
12,29,8.0
12,30,7.0
12,31,3.0
12,32,8.0
12,33,10.0
12,34,10.0
12,35,10.0
12,36,10.0
12,37,10.0
12,38,10.0
12,39,10.0
13,3,8.0
13,4,8.0
13,5,8.0
13,6,4.0
13,7,5.0
13,8,5.0
13,9,3.0
13,10,2.0
13,11,1.0
13,12,1.0
13,13,1.0
13,14,3.0
13,15,4.0
13,16,4.0
13,17,5.0
13,18,6.0
13,19,6.0
13,20,7.0
13,21,10.0
13,22,7.0
13,23,7.0
13,24,8.0
13,25,7.0
13,26,7.0
13,27,7.0
13,28,8.0
13,29,8.0
13,30,7.0
13,31,2.0
13,32,2.0
13,33,7.0
13,34,10.0
13,35,10.0
13,36,10.0
13,37,10.0
13,38,10.0
13,39,10.0
14,3,8.0
14,4,8.0
14,5,8.0
14,6,8.0
14,7,8.0
14,8,8.0
14,9,8.0
14,10,4.0
14,11,1.0
14,12,2.0
14,13,3.0
14,14,3.0
14,15,4.0
14,16,4.0
14,17,5.0
14,18,6.0
14,19,7.0
14,20,8.0
14,21,10.0
14,22,7.0
14,23,8.0
14,24,8.0
14,25,7.0
14,26,6.0
14,27,7.0
14,28,8.0
14,29,8.0
14,30,7.0
14,31,2.0
14,32,2.0
14,33,2.0
14,34,4.0
14,37,10.0
14,38,10.0
15,3,8.0
15,4,8.0
15,5,8.0
15,6,8.0
15,7,8.0
15,8,6.0
15,9,4.0
15,10,2.0
15,11,2.0
15,12,3.0
15,13,4.0
15,14,4.0
15,15,4.0
15,16,4.0
15,17,5.0
15,18,5.0
15,19,7.0
15,20,8.0
15,21,10.0
15,22,10.0
15,23,10.0
15,24,8.0
15,25,8.0
15,26,6.0
15,27,5.0
15,28,5.0
15,29,5.0
15,30,5.0
15,31,3.0
15,32,2.0
15,33,4.0
15,34,7.0
15,35,7.0
15,36,7.0
15,37,7.0
16,3,8.0
16,4,8.0
16,5,8.0
16,6,7.0
16,7,2.0
16,8,2.0
16,9,2.0
16,10,2.0
16,11,3.0
16,12,4.0
16,13,4.0
16,14,4.0
16,15,4.0
16,16,6.0
16,17,7.0
16,18,8.0
16,19,10.0
16,20,10.0
16,21,10.0
16,22,10.0
16,23,8.0
16,24,8.0
16,25,7.0
16,26,6.0
16,27,5.0
16,28,5.0
16,29,5.0
16,30,5.0
16,31,4.0
16,32,2.0
16,33,7.0
16,34,7.0
16,35,7.0
16,36,7.0
17,3,8.0
17,4,8.0
17,5,8.0
17,6,4.0
17,7,2.0
17,8,2.0
17,9,2.0
17,10,2.0
17,11,2.0
17,12,3.0
17,13,3.0
17,14,3.0
17,15,4.0
17,16,6.0
17,17,10.0
17,18,10.0
17,19,10.0
17,20,10.0
17,21,8.0
17,22,7.0
17,23,7.0
17,24,7.0
17,25,6.0
17,26,5.0
17,27,6.0
17,28,6.0
17,29,7.0
17,30,7.0
17,31,7.0
17,32,4.0
17,33,2.0
17,34,2.0
17,35,7.0
17,36,7.0
17,37,7.0
18,4,8.0
18,5,6.0
18,6,5.0
18,7,5.0
18,8,4.0
18,9,3.0
18,10,2.0
18,11,3.0
18,12,3.0
18,13,3.0
18,14,3.0
18,15,4.0
18,16,7.0
18,17,10.0
18,18,10.0
18,19,10.0
18,20,10.0
18,21,8.0
18,22,6.0
18,23,6.0
18,24,7.0
18,25,6.0
18,26,5.0
18,27,5.0
18,28,7.0
18,29,7.0
18,30,7.0
18,31,7.0
18,32,7.0
18,33,2.0
18,34,2.0
18,35,4.0
18,36,7.0
18,37,7.0
18,38,7.0
19,5,5.0
19,6,5.0
19,7,5.0
19,8,5.0
19,9,4.0
19,10,5.0
19,11,5.0
19,12,4.0
19,13,3.0
19,14,3.0
19,15,4.0
19,16,7.0
19,17,7.0
19,18,8.0
19,19,10.0
19,20,10.0
19,21,10.0
19,22,7.0
19,23,6.0
19,24,6.0
19,25,5.0
19,26,5.0
19,27,5.0
19,28,5.0
19,29,7.0
19,30,7.0
19,31,7.0
19,34,2.0
19,35,2.0
19,36,5.0
19,37,7.0
19,38,7.0
20,7,5.0
20,8,5.0
20,9,5.0
20,10,5.0
20,11,5.0
20,12,5.0
20,13,5.0
20,14,3.0
20,15,6.0
20,16,7.0
20,17,7.0
20,18,10.0
20,19,10.0
20,20,10.0
20,21,10.0
20,22,8.0
20,23,7.0
20,24,6.0
20,25,6.0
20,26,5.0
20,27,4.0
20,28,4.0
20,29,5.0
20,30,7.0
20,31,7.0
20,35,2.0
20,36,2.0
20,37,5.0
20,38,4.0
21,8,5.0
21,9,5.0
21,10,5.0
21,11,5.0
21,12,5.0
21,13,5.0
21,14,4.0
21,15,5.0
21,16,7.0
21,17,8.0
21,18,10.0
21,19,10.0
21,20,10.0
21,21,10.0
21,22,8.0
21,23,7.0
21,24,6.0
21,25,6.0
21,26,6.0
21,27,4.0
21,28,4.0
21,29,4.0
21,30,4.0
22,9,5.0
22,10,5.0
22,11,5.0
22,12,5.0
22,13,5.0
22,14,5.0
22,15,5.0
22,16,6.0
22,17,8.0
22,18,10.0
22,19,8.0
22,20,7.0
22,21,7.0
22,22,7.0
22,23,6.0
22,24,6.0
22,25,6.0
22,26,6.0
22,27,6.0
22,28,6.0
22,29,5.0
23,10,5.0
23,11,5.0
23,12,6.0
23,13,6.0
23,14,6.0
23,15,6.0
23,16,6.0
23,17,6.0
23,18,6.0
23,19,6.0
23,20,6.0
23,21,6.0
23,22,6.0
23,23,6.0
23,24,6.0
23,25,6.0
23,29,1.0
23,32,2.0
23,33,2.0
23,34,2.0
23,35,2.0
24,11,6.0
24,12,6.0
24,13,6.0
24,14,6.0
24,17,6.0
24,18,6.0
24,19,6.0
24,20,6.0
24,21,6.0
24,22,6.0
24,23,6.0
24,24,6.0
24,25,6.0
24,28,1.0
24,29,1.0
24,30,1.0
24,31,1.0
24,32,2.0
24,33,2.0
24,34,2.0
24,35,2.0
24,38,4.0
24,39,4.0
25,17,6.0
25,18,6.0
25,19,6.0
25,20,6.0
25,21,6.0
25,22,6.0
25,23,6.0
25,24,6.0
25,25,6.0
25,28,1.0
25,29,1.0
25,30,1.0
25,31,1.0
25,32,2.0
25,33,2.0
25,34,2.0
25,35,2.0
25,36,2.0
25,37,4.0
25,38,4.0
25,39,4.0
26,24,6.0
26,28,1.0
26,29,1.0
26,30,1.0
26,31,1.0
26,32,1.0
26,33,2.0
26,34,2.0
26,35,1.0
26,36,2.0
26,37,4.0
26,38,4.0
26,39,4.0
27,27,1.0
27,28,1.0
27,29,1.0
27,30,1.0
27,31,1.0
27,32,1.0
27,33,1.0
27,34,1.0
27,35,1.0
27,36,2.0
27,37,4.0
27,38,4.0
27,39,4.0
28,27,1.0
28,28,1.0
28,29,1.0
28,30,1.0
28,31,1.0
28,32,1.0
28,33,1.0
28,34,1.0
28,35,1.0
28,36,1.0
28,37,1.0
28,38,3.0
28,39,4.0
29,27,1.0
29,28,1.0
29,29,1.0
29,30,1.0
29,31,1.0
29,32,1.0
29,33,1.0
29,34,1.0
29,35,1.0
29,36,1.0
29,37,1.0
29,38,2.0
29,39,4.0
30,28,1.0
30,29,1.0
30,30,1.0
30,31,1.0
30,32,1.0
30,33,1.0
30,34,2.0
30,35,2.0
30,36,2.0
30,37,2.0
31,28,1.0
31,29,1.0
31,30,1.0
31,31,1.0
31,32,1.0
31,33,1.0
31,34,1.0
31,35,2.0
31,36,2.0
31,37,2.0
32,29,1.0
32,30,1.0
32,31,1.0
32,32,1.0
32,33,1.0
32,34,1.0
32,35,2.0
32,36,2.0
33,29,1.0
33,30,1.0
33,31,1.0
33,32,1.0
33,33,1.0
34,30,1.0
34,31,1.0
34,32,1.0
