[config]
grid_x_size = 29
grid_y_size = 29
existing_lines = [
    [[8, 2], [10, 3], [10, 5], [11, 6], [11, 7], [12, 9], [12, 11], [12, 12], [12, 13], [12, 14], [12, 15], [12, 16], [12, 17], [12, 18], [12, 20], [11, 22], [11, 23], [11, 24], [11, 25]],
    [[0, 13], [1, 14], [3, 14], [4, 14], [5, 14], [6, 14], [8, 14], [9, 14], [10, 14], [12, 14], [13, 14], [14, 14], [15, 14], [16, 14], [17, 14], [18, 14], [20, 14], [21, 14],[23, 14], [24, 14], [26, 14]]]
existing_lines_full = [
    [[8, 2], [10, 3], [10, 4], [10, 5], [11, 6], [11, 7], [12, 9], [12, 10],[12, 11], [12, 12], [12, 13], [12, 14], [12, 15], [12, 16], [12, 17], [12, 18], [12, 19], [12, 20], [11, 22], [11, 23], [11, 24], [11, 25]],
    [[0, 13], [1, 14], [2, 14], [3, 14], [4, 14], [5, 14], [6, 14],[7, 14], [8, 14], [9, 14], [10, 14],[11, 14], [12, 14], [13, 14], [14, 14], [15, 14], [16, 14], [17, 14], [18, 14],[19, 14], [20, 14], [21, 14],[22, 14], [23, 14], [24, 14],[25, 14], [26, 14]]]
excluded_od_segments = [
    [[8, 1], [9, 2], [10, 2], [11, 3], [11, 4], [11, 5], [12, 6], [12, 7], [12, 8], [13, 9], [13, 10], [13, 11], [13, 12], [13, 13]],
    [[13, 15], [13, 16], [13, 17], [13, 18],[13,19],[13, 20], [12, 21], [12, 22], [12, 23], [12, 24], [12, 25]],
    [[8, 3], [9, 4], [9, 5], [10, 6], [10, 7], [10, 8], [11, 9], [11, 10], [11, 11], [11, 12], [11, 13]],
    [[11,15], [11,16], [11,17], [11,18],[11, 19], [11, 20], [10, 21], [10, 22], [10, 23], [10, 24], [10, 25]],
    [[0, 12], [1, 13], [2, 13], [3, 13], [4, 13], [5, 13], [6, 13], [7, 13], [8, 13], [9, 13], [10, 13], [11, 13]],
    [[13, 13], [14, 13], [15, 13], [16, 13], [17, 13], [18, 13], [19, 13], [20, 13], [21, 13], [22, 13], [23, 13], [24, 13], [25, 13], [26, 13]],
    [[0, 14], [1, 15], [2, 15], [3, 15], [4, 15], [5, 15], [6, 15], [7, 15], [8, 15], [9, 15], [10, 15], [11, 15]],
    [[13, 15], [14, 15], [15, 15], [16,15], [17, 15], [18, 15], [19, 15], [20, 15], [21, 15], [22, 15], [23, 15], [24, 15], [25, 15], [26, 15]]]